         ---------------
Start    : 15:21:24.99 x_call_CSD_gen_DB.bat
         ---------------
"CURRENT_BASELINE    CSD_0.3_009"
"RELEASE_BRANCH_N    0.3"
"CURRENT_BASELINE_N  009"
"CURRENT_BASELINE_NO 0.3_009"
"RELEASE_BRANCH      cds_0.3"
"CLONE_PATH=C:\Git\ws01"
"WORK_PATH=C:\Git\ws01\work"
"Output_Log=C:\Git\ws01\work\cds_0.3\logs\CSD_0.3_009"
"Output_Log_Txt=C:\Git\ws01\work\cds_0.3\logs\CSD_0.3_009\run_CSD_xls2csv_CSD_0.3_009.txt"
"Tbl_N=09"
"CONF_GEN_DB=C:\Git\ws01\cds\tools\gen_db\gen_db_0.json
 "c:\Python27\python.exe C:\Git\ws01\cds\tools\gen_db\cdb_plan.py C:\Git\ws01\cds\tools\gen_db\gen_db_0.json >C:\Git\ws01\work\cds_0.3\logs\CSD_0.3_009\cdb_gen_db.txt"
CONF_GEN_DB         :  c:\Git\ws01\cds\tools\gen_db\gen_db_0.json
Input_DB = c:\Git\ws01\cds\DB\009\db_0.3_009.db
1,1001,1,1,1,2,5,1,Bat_Galim,Alex,Bat_Galim_2,3000,3000,130,Alex_Clip_1,700,3000,130,3000,100,130,70,1,10,10,860,731,129
1,1001,1,1,1,2,5,2,Bat_Galim,Alex,Bat_Galim_2,3000,3000,130,Alex_Clip_1,700,3000,130,3000,100,130,70,2,20,40,220,187,33
1,1001,1,1,1,2,5,3,Bat_Galim,Alex,Bat_Galim_2,3000,3000,130,Alex_Clip_1,700,3000,130,3000,100,130,70,3,30,140,60,51,9
1,1001,1,1,1,2,5,4,Bat_Galim,Alex,Bat_Galim_2,3000,3000,130,Alex_Clip_1,700,3000,130,3000,100,130,70,4,40,580,10,8,2
-------------------
580,40,1,9
---------------
8 9 580 1995262.315 0.0
7 9 580 467735.141 0.001
6 9 580 126765.187 0.005
5 9 580 39147.136 0.015
4 9 580 13596.59 0.043
3 9 580 5249.126 0.11
2 9 580 2228.837 0.26
1 9 580 1031.028 0.563
1 9 580 1031.028 0.563
-------------------
140,30,1,59
---------------
53 59 140 5249.126 0.027
47 59 140 94.843 1.476
41 59 140 11.237 12.458
35 59 140 3.617 38.705
29 59 140 1.98 70.695
23 59 140 1.438 97.371
17 59 140 1.213 115.43
11 59 140 1.108 126.354
5 59 140 1.056 132.574
1 59 140 1.036 135.082
-------------------
40,20,1,219
---------------
213 219 40 5249.126 0.008
207 219 40 94.843 0.422
201 219 40 11.237 3.56
195 219 40 3.617 11.058
189 219 40 1.98 20.199
183 219 40 1.438 27.82
177 219 40 1.213 32.98
171 219 40 1.108 36.101
165 219 40 1.056 37.878
159 219 40 1.029 38.858
153 219 40 1.016 39.389
147 219 40 1.008 39.674
141 219 40 1.004 39.826
135 219 40 1.002 39.908
129 219 40 1.001 39.951
123 219 40 1.001 39.974
117 219 40 1.0 39.986
111 219 40 1.0 39.993
105 219 40 1.0 39.996
99 219 40 1.0 39.998
93 219 40 1.0 39.999
87 219 40 1.0 39.999
81 219 40 1.0 40.0
75 219 40 1.0 40.0
69 219 40 1.0 40.0
63 219 40 1.0 40.0
57 219 40 1.0 40.0
51 219 40 1.0 40.0
45 219 40 1.0 40.0
39 219 40 1.0 40.0
33 219 40 1.0 40.0
27 219 40 1.0 40.0
21 219 40 1.0 40.0
15 219 40 1.0 40.0
9 219 40 1.0 40.0
3 219 40 1.0 40.0
1 219 40 1.0 40.0
-------------------
10,10,1,859
---------------
853 859 10 5249.126 0.002
847 859 10 94.843 0.105
841 859 10 11.237 0.89
835 859 10 3.617 2.765
829 859 10 1.98 5.05
823 859 10 1.438 6.955
817 859 10 1.213 8.245
811 859 10 1.108 9.025
805 859 10 1.056 9.47
799 859 10 1.029 9.715
793 859 10 1.016 9.847
787 859 10 1.008 9.919
781 859 10 1.004 9.957
775 859 10 1.002 9.977
769 859 10 1.001 9.988
763 859 10 1.001 9.993
757 859 10 1.0 9.997
751 859 10 1.0 9.998
745 859 10 1.0 9.999
739 859 10 1.0 9.999
733 859 10 1.0 10.0
727 859 10 1.0 10.0
721 859 10 1.0 10.0
715 859 10 1.0 10.0
709 859 10 1.0 10.0
703 859 10 1.0 10.0
697 859 10 1.0 10.0
691 859 10 1.0 10.0
685 859 10 1.0 10.0
679 859 10 1.0 10.0
673 859 10 1.0 10.0
667 859 10 1.0 10.0
661 859 10 1.0 10.0
655 859 10 1.0 10.0
649 859 10 1.0 10.0
643 859 10 1.0 10.0
637 859 10 1.0 10.0
631 859 10 1.0 10.0
625 859 10 1.0 10.0
619 859 10 1.0 10.0
613 859 10 1.0 10.0
607 859 10 1.0 10.0
601 859 10 1.0 10.0
595 859 10 1.0 10.0
589 859 10 1.0 10.0
583 859 10 1.0 10.0
577 859 10 1.0 10.0
571 859 10 1.0 10.0
565 859 10 1.0 10.0
559 859 10 1.0 10.0
553 859 10 1.0 10.0
547 859 10 1.0 10.0
541 859 10 1.0 10.0
535 859 10 1.0 10.0
529 859 10 1.0 10.0
523 859 10 1.0 10.0
517 859 10 1.0 10.0
511 859 10 1.0 10.0
505 859 10 1.0 10.0
499 859 10 1.0 10.0
493 859 10 1.0 10.0
487 859 10 1.0 10.0
481 859 10 1.0 10.0
475 859 10 1.0 10.0
469 859 10 1.0 10.0
463 859 10 1.0 10.0
457 859 10 1.0 10.0
451 859 10 1.0 10.0
445 859 10 1.0 10.0
439 859 10 1.0 10.0
433 859 10 1.0 10.0
427 859 10 1.0 10.0
421 859 10 1.0 10.0
415 859 10 1.0 10.0
409 859 10 1.0 10.0
403 859 10 1.0 10.0
397 859 10 1.0 10.0
391 859 10 1.0 10.0
385 859 10 1.0 10.0
379 859 10 1.0 10.0
373 859 10 1.0 10.0
367 859 10 1.0 10.0
361 859 10 1.0 10.0
355 859 10 1.0 10.0
349 859 10 1.0 10.0
343 859 10 1.0 10.0
337 859 10 1.0 10.0
331 859 10 1.0 10.0
325 859 10 1.0 10.0
319 859 10 1.0 10.0
313 859 10 1.0 10.0
307 859 10 1.0 10.0
301 859 10 1.0 10.0
295 859 10 1.0 10.0
289 859 10 1.0 10.0
283 859 10 1.0 10.0
277 859 10 1.0 10.0
271 859 10 1.0 10.0
265 859 10 1.0 10.0
259 859 10 1.0 10.0
253 859 10 1.0 10.0
247 859 10 1.0 10.0
241 859 10 1.0 10.0
235 859 10 1.0 10.0
229 859 10 1.0 10.0
223 859 10 1.0 10.0
217 859 10 1.0 10.0
211 859 10 1.0 10.0
205 859 10 1.0 10.0
199 859 10 1.0 10.0
193 859 10 1.0 10.0
187 859 10 1.0 10.0
181 859 10 1.0 10.0
175 859 10 1.0 10.0
169 859 10 1.0 10.0
163 859 10 1.0 10.0
157 859 10 1.0 10.0
151 859 10 1.0 10.0
145 859 10 1.0 10.0
139 859 10 1.0 10.0
133 859 10 1.0 10.0
127 859 10 1.0 10.0
121 859 10 1.0 10.0
115 859 10 1.0 10.0
109 859 10 1.0 10.0
103 859 10 1.0 10.0
97 859 10 1.0 10.0
91 859 10 1.0 10.0
85 859 10 1.0 10.0
79 859 10 1.0 10.0
73 859 10 1.0 10.0
67 859 10 1.0 10.0
61 859 10 1.0 10.0
55 859 10 1.0 10.0
49 859 10 1.0 10.0
43 859 10 1.0 10.0
37 859 10 1.0 10.0
31 859 10 1.0 10.0
25 859 10 1.0 10.0
19 859 10 1.0 10.0
13 859 10 1.0 10.0
7 859 10 1.0 10.0
1 859 10 1.0 10.0
1 859 10 1.0 10.0
         ---------------
Start    : 15:21:24.99
Finish   : 15:21:25.20
         ---------------
Duration : 00:00:00,21 
