         ---------------
Start    : 17:05:34.03 x_call_CSD_gen_DB.bat
         ---------------
"CURRENT_BASELINE    CSD_0.3_009"
"RELEASE_BRANCH_N    0.3"
"CURRENT_BASELINE_N  009"
"CURRENT_BASELINE_NO 0.3_009"
"RELEASE_BRANCH      cds_0.3"
"CLONE_PATH=C:\Git\ws01"
"WORK_PATH=C:\Git\ws01\work"
"Output_Log=C:\Git\ws01\work\cds_0.3\logs\CSD_0.3_009"
"Output_Log_Txt=C:\Git\ws01\work\cds_0.3\logs\CSD_0.3_009\run_CSD_xls2csv_CSD_0.3_009.txt"
"Tbl_N=09"
"CONF_GEN_DB=C:\Git\ws01\cds\tools\gen_db\gen_db_0.json
 "c:\Python27\python.exe C:\Git\ws01\cds\tools\gen_db\cdb_plan.py C:\Git\ws01\cds\tools\gen_db\gen_db_0.json >C:\Git\ws01\work\cds_0.3\logs\CSD_0.3_009\cdb_gen_db.txt"
CONF_GEN_DB         :  c:\Git\ws01\cds\tools\gen_db\gen_db_0.json
Input_DB = c:\Git\ws01\cds\DB\009\db_0.3_009.db
1,1001,1,1,1,2,5,1,Bat_Galim,Alex,Bat_Galim_2,3000,3000,130,Alex_Clip_1,700,3000,130,3000,100,130,70,1,10,10,860,731,129
1,1001,1,1,1,2,5,2,Bat_Galim,Alex,Bat_Galim_2,3000,3000,130,Alex_Clip_1,700,3000,130,3000,100,130,70,2,20,40,220,187,33
1,1001,1,1,1,2,5,3,Bat_Galim,Alex,Bat_Galim_2,3000,3000,130,Alex_Clip_1,700,3000,130,3000,100,130,70,3,30,140,60,51,9
1,1001,1,1,1,2,5,4,Bat_Galim,Alex,Bat_Galim_2,3000,3000,130,Alex_Clip_1,700,3000,130,3000,100,130,70,4,40,580,10,8,2
-------------------
4,580,40,1,9
---------------
ti_type= 4
koef= 0.8
limit= 7
8 0.8 40 9 580 398107.171 0.001 0
7 0.8 40 9 580 30199.517 0.019 0
6 0.8 40 9 580 3837.072 0.151 6
5 0.8 40 9 580 736.546 0.787 31
4 0.8 40 9 580 196.68 2.949 117
3 0.8 40 9 580 68.392 8.48 339
2 0.8 40 9 580 29.377 19.743 789
1 0.8 40 9 580 14.942 38.817 1552
1 0.8 40 9 580 14.942 38.817 1552
-------------------
3,140,30,1,59
---------------
ti_type= 3
koef= 0.96
limit= 50
58 0.96 30 59 140 5248074.602 0.0 0
57 0.96 30 59 140 2826181.18 0.0 0
56 0.96 30 59 140 1560098.431 0.0 0
55 0.96 30 59 140 881913.356 0.0 0
54 0.96 30 59 140 510045.456 0.0 0
53 0.96 30 59 140 301511.949 0.0 0
52 0.96 30 59 140 182025.548 0.001 0
51 0.96 30 59 140 112131.351 0.001 0
50 0.96 30 59 140 70426.802 0.002 0
49 0.96 30 59 140 45063.867 0.003 0
48 0.96 30 59 140 29354.542 0.005 0
47 0.96 30 59 140 19452.181 0.007 0
46 0.96 30 59 140 13104.172 0.011 0
45 0.96 30 59 140 8968.363 0.016 0
44 0.96 30 59 140 6231.673 0.022 0
43 0.96 30 59 140 4393.6 0.032 0
42 0.96 30 59 140 3141.287 0.045 1
41 0.96 30 59 140 2276.268 0.062 1
40 0.96 30 59 140 1670.838 0.084 2
39 0.96 30 59 140 1241.701 0.113 3
38 0.96 30 59 140 933.805 0.15 4
37 0.96 30 59 140 710.307 0.197 5
36 0.96 30 59 140 546.246 0.256 7
35 0.96 30 59 140 424.515 0.33 9
34 0.96 30 59 140 333.255 0.42 12
33 0.96 30 59 140 264.159 0.53 15
32 0.96 30 59 140 211.345 0.662 19
31 0.96 30 59 140 170.605 0.821 24
30 0.96 30 59 140 138.903 1.008 30
29 0.96 30 59 140 114.026 1.228 36
28 0.96 30 59 140 94.346 1.484 44
27 0.96 30 59 140 78.656 1.78 53
26 0.96 30 59 140 66.055 2.119 63
25 0.96 30 59 140 55.861 2.506 75
24 0.96 30 59 140 47.558 2.944 88
23 0.96 30 59 140 40.751 3.436 103
22 0.96 30 59 140 35.134 3.985 119
21 0.96 30 59 140 30.472 4.594 137
20 0.96 30 59 140 26.579 5.267 158
19 0.96 30 59 140 23.311 6.006 180
18 0.96 30 59 140 20.552 6.812 204
17 0.96 30 59 140 18.212 7.687 230
16 0.96 30 59 140 16.216 8.634 259
15 0.96 30 59 140 14.506 9.651 289
14 0.96 30 59 140 13.034 10.741 322
13 0.96 30 59 140 11.762 11.903 357
12 0.96 30 59 140 10.657 13.136 394
11 0.96 30 59 140 9.695 14.441 433
10 0.96 30 59 140 8.853 15.814 474
9 0.96 30 59 140 8.113 17.255 517
8 0.96 30 59 140 7.462 18.763 562
7 0.96 30 59 140 6.885 20.333 609
6 0.96 30 59 140 6.374 21.965 658
5 0.96 30 59 140 5.919 23.654 709
4 0.96 30 59 140 5.512 25.397 761
3 0.96 30 59 140 5.149 27.192 815
2 0.96 30 59 140 4.822 29.034 871
1 0.96 30 59 140 4.528 30.92 927
1 0.96 30 59 140 4.528 30.92 927
-------------------
2,40,20,1,219
---------------
ti_type= 2
koef= 0.98
limit= 186
213 0.98 20 219 40 1588168.822 0.0 0
207 0.98 20 219 40 311183.862 0.0 0
201 0.98 20 219 40 73442.477 0.001 0
195 0.98 20 219 40 20439.128 0.002 0
189 0.98 20 219 40 6582.49 0.006 0
183 0.98 20 219 40 2412.637 0.017 0
177 0.98 20 219 40 991.641 0.04 0
171 0.98 20 219 40 451.126 0.089 1
165 0.98 20 219 40 224.538 0.178 3
159 0.98 20 219 40 121.024 0.331 6
153 0.98 20 219 40 70.0 0.571 11
147 0.98 20 219 40 43.099 0.928 18
141 0.98 20 219 40 28.046 1.426 28
135 0.98 20 219 40 19.169 2.087 41
129 0.98 20 219 40 13.683 2.923 58
123 0.98 20 219 40 10.15 3.941 78
117 0.98 20 219 40 7.791 5.134 102
111 0.98 20 219 40 6.163 6.49 129
105 0.98 20 219 40 5.008 7.988 159
99 0.98 20 219 40 4.166 9.601 192
93 0.98 20 219 40 3.54 11.299 225
87 0.98 20 219 40 3.064 13.053 261
81 0.98 20 219 40 2.697 14.833 296
75 0.98 20 219 40 2.408 16.612 332
69 0.98 20 219 40 2.178 18.365 367
63 0.98 20 219 40 1.993 20.072 401
57 0.98 20 219 40 1.842 21.715 434
51 0.98 20 219 40 1.718 23.284 465
45 0.98 20 219 40 1.615 24.767 495
39 0.98 20 219 40 1.529 26.161 523
33 0.98 20 219 40 1.457 27.46 549
27 0.98 20 219 40 1.395 28.665 573
21 0.98 20 219 40 1.343 29.776 595
15 0.98 20 219 40 1.299 30.797 615
9 0.98 20 219 40 1.261 31.73 634
3 0.98 20 219 40 1.228 32.58 651
1 0.98 20 219 40 1.218 32.846 656
-------------------
1,10,10,1,859
---------------
ti_type= 1
koef= 0.9
limit= 730
853 0.9 10 859 10 5249.126 0.002 0
847 0.9 10 859 10 94.843 0.105 1
841 0.9 10 859 10 11.237 0.89 8
835 0.9 10 859 10 3.617 2.765 27
829 0.9 10 859 10 1.98 5.05 50
823 0.9 10 859 10 1.438 6.955 69
817 0.9 10 859 10 1.213 8.245 82
811 0.9 10 859 10 1.108 9.025 90
805 0.9 10 859 10 1.056 9.47 94
799 0.9 10 859 10 1.029 9.715 97
793 0.9 10 859 10 1.016 9.847 98
787 0.9 10 859 10 1.008 9.919 99
781 0.9 10 859 10 1.004 9.957 99
775 0.9 10 859 10 1.002 9.977 99
769 0.9 10 859 10 1.001 9.988 99
763 0.9 10 859 10 1.001 9.993 99
757 0.9 10 859 10 1.0 9.997 99
751 0.9 10 859 10 1.0 9.998 99
745 0.9 10 859 10 1.0 9.999 99
739 0.9 10 859 10 1.0 9.999 99
733 0.9 10 859 10 1.0 10.0 100
727 0.9 10 859 10 1.0 10.0 100
721 0.9 10 859 10 1.0 10.0 100
715 0.9 10 859 10 1.0 10.0 100
709 0.9 10 859 10 1.0 10.0 100
703 0.9 10 859 10 1.0 10.0 100
697 0.9 10 859 10 1.0 10.0 100
691 0.9 10 859 10 1.0 10.0 100
685 0.9 10 859 10 1.0 10.0 100
679 0.9 10 859 10 1.0 10.0 100
673 0.9 10 859 10 1.0 10.0 100
667 0.9 10 859 10 1.0 10.0 100
661 0.9 10 859 10 1.0 10.0 100
655 0.9 10 859 10 1.0 10.0 100
649 0.9 10 859 10 1.0 10.0 100
643 0.9 10 859 10 1.0 10.0 100
637 0.9 10 859 10 1.0 10.0 100
631 0.9 10 859 10 1.0 10.0 100
625 0.9 10 859 10 1.0 10.0 100
619 0.9 10 859 10 1.0 10.0 100
613 0.9 10 859 10 1.0 10.0 100
607 0.9 10 859 10 1.0 10.0 100
601 0.9 10 859 10 1.0 10.0 100
595 0.9 10 859 10 1.0 10.0 100
589 0.9 10 859 10 1.0 10.0 100
583 0.9 10 859 10 1.0 10.0 100
577 0.9 10 859 10 1.0 10.0 100
571 0.9 10 859 10 1.0 10.0 100
565 0.9 10 859 10 1.0 10.0 100
559 0.9 10 859 10 1.0 10.0 100
553 0.9 10 859 10 1.0 10.0 100
547 0.9 10 859 10 1.0 10.0 100
541 0.9 10 859 10 1.0 10.0 100
535 0.9 10 859 10 1.0 10.0 100
529 0.9 10 859 10 1.0 10.0 100
523 0.9 10 859 10 1.0 10.0 100
517 0.9 10 859 10 1.0 10.0 100
511 0.9 10 859 10 1.0 10.0 100
505 0.9 10 859 10 1.0 10.0 100
499 0.9 10 859 10 1.0 10.0 100
493 0.9 10 859 10 1.0 10.0 100
487 0.9 10 859 10 1.0 10.0 100
481 0.9 10 859 10 1.0 10.0 100
475 0.9 10 859 10 1.0 10.0 100
469 0.9 10 859 10 1.0 10.0 100
463 0.9 10 859 10 1.0 10.0 100
457 0.9 10 859 10 1.0 10.0 100
451 0.9 10 859 10 1.0 10.0 100
445 0.9 10 859 10 1.0 10.0 100
439 0.9 10 859 10 1.0 10.0 100
433 0.9 10 859 10 1.0 10.0 100
427 0.9 10 859 10 1.0 10.0 100
421 0.9 10 859 10 1.0 10.0 100
415 0.9 10 859 10 1.0 10.0 100
409 0.9 10 859 10 1.0 10.0 100
403 0.9 10 859 10 1.0 10.0 100
397 0.9 10 859 10 1.0 10.0 100
391 0.9 10 859 10 1.0 10.0 100
385 0.9 10 859 10 1.0 10.0 100
379 0.9 10 859 10 1.0 10.0 100
373 0.9 10 859 10 1.0 10.0 100
367 0.9 10 859 10 1.0 10.0 100
361 0.9 10 859 10 1.0 10.0 100
355 0.9 10 859 10 1.0 10.0 100
349 0.9 10 859 10 1.0 10.0 100
343 0.9 10 859 10 1.0 10.0 100
337 0.9 10 859 10 1.0 10.0 100
331 0.9 10 859 10 1.0 10.0 100
325 0.9 10 859 10 1.0 10.0 100
319 0.9 10 859 10 1.0 10.0 100
313 0.9 10 859 10 1.0 10.0 100
307 0.9 10 859 10 1.0 10.0 100
301 0.9 10 859 10 1.0 10.0 100
295 0.9 10 859 10 1.0 10.0 100
289 0.9 10 859 10 1.0 10.0 100
283 0.9 10 859 10 1.0 10.0 100
277 0.9 10 859 10 1.0 10.0 100
271 0.9 10 859 10 1.0 10.0 100
265 0.9 10 859 10 1.0 10.0 100
259 0.9 10 859 10 1.0 10.0 100
253 0.9 10 859 10 1.0 10.0 100
247 0.9 10 859 10 1.0 10.0 100
241 0.9 10 859 10 1.0 10.0 100
235 0.9 10 859 10 1.0 10.0 100
229 0.9 10 859 10 1.0 10.0 100
223 0.9 10 859 10 1.0 10.0 100
217 0.9 10 859 10 1.0 10.0 100
211 0.9 10 859 10 1.0 10.0 100
205 0.9 10 859 10 1.0 10.0 100
199 0.9 10 859 10 1.0 10.0 100
193 0.9 10 859 10 1.0 10.0 100
187 0.9 10 859 10 1.0 10.0 100
181 0.9 10 859 10 1.0 10.0 100
175 0.9 10 859 10 1.0 10.0 100
169 0.9 10 859 10 1.0 10.0 100
163 0.9 10 859 10 1.0 10.0 100
157 0.9 10 859 10 1.0 10.0 100
151 0.9 10 859 10 1.0 10.0 100
145 0.9 10 859 10 1.0 10.0 100
139 0.9 10 859 10 1.0 10.0 100
133 0.9 10 859 10 1.0 10.0 100
127 0.9 10 859 10 1.0 10.0 100
121 0.9 10 859 10 1.0 10.0 100
115 0.9 10 859 10 1.0 10.0 100
109 0.9 10 859 10 1.0 10.0 100
103 0.9 10 859 10 1.0 10.0 100
97 0.9 10 859 10 1.0 10.0 100
91 0.9 10 859 10 1.0 10.0 100
85 0.9 10 859 10 1.0 10.0 100
79 0.9 10 859 10 1.0 10.0 100
73 0.9 10 859 10 1.0 10.0 100
67 0.9 10 859 10 1.0 10.0 100
61 0.9 10 859 10 1.0 10.0 100
55 0.9 10 859 10 1.0 10.0 100
49 0.9 10 859 10 1.0 10.0 100
43 0.9 10 859 10 1.0 10.0 100
37 0.9 10 859 10 1.0 10.0 100
31 0.9 10 859 10 1.0 10.0 100
25 0.9 10 859 10 1.0 10.0 100
19 0.9 10 859 10 1.0 10.0 100
13 0.9 10 859 10 1.0 10.0 100
7 0.9 10 859 10 1.0 10.0 100
1 0.9 10 859 10 1.0 10.0 100
1 0.9 10 859 10 1.0 10.0 100
         ---------------
Start    : 17:05:34.03
Finish   : 17:05:34.26
         ---------------
Duration : 00:00:00,23 
