         ---------------
Start    : 14:25:53.86 x_call_CSD_gen_DB.bat
         ---------------
"CURRENT_BASELINE    CSD_0.3_009"
"RELEASE_BRANCH_N    0.3"
"CURRENT_BASELINE_N  009"
"CURRENT_BASELINE_NO 0.3_009"
"RELEASE_BRANCH      cds_0.3"
"CLONE_PATH=C:\Git\ws01"
"WORK_PATH=C:\Git\ws01\work"
"Output_Log=C:\Git\ws01\work\cds_0.3\logs\CSD_0.3_009"
"Output_Log_Txt=C:\Git\ws01\work\cds_0.3\logs\CSD_0.3_009\run_CSD_xls2csv_CSD_0.3_009.txt"
"Tbl_N=09"
"CONF_GEN_DB=C:\Git\ws01\cds\tools\gen_db\gen_db_0.json
 "c:\Python27\python.exe C:\Git\ws01\cds\tools\gen_db\cdb_gen_db.py C:\Git\ws01\cds\tools\gen_db\gen_db_0.json >C:\Git\ws01\work\cds_0.3\logs\CSD_0.3_009\cdb_gen_db.txt"
CONF_GEN_DB         :  c:\Git\ws01\cds\tools\gen_db\gen_db_0.json
Input_DB = c:\Git\ws01\cds\DB\009\db_0.3_009.db
 "c:\Python27\python.exe C:\Git\ws01\cds\tools\gen_db\cdb_plan.py C:\Git\ws01\cds\tools\gen_db\gen_db_0.json >C:\Git\ws01\work\cds_0.3\logs\CSD_0.3_009\cdb_gen_db.txt"
CONF_GEN_DB         :  c:\Git\ws01\cds\tools\gen_db\gen_db_0.json
Input_DB = c:\Git\ws01\cds\DB\009\db_0.3_009.db
-------------------
4,250,48,1,10
---------------
ti_type= 4
koef= 0.8
limit= 8
9 0.8 48 10 250 398155.171 0.001 0
8 0.8 48 10 250 30250.43 0.008 0
7 0.8 48 10 250 3890.247 0.064 3
6 0.8 48 10 250 792.701 0.315 15
5 0.8 48 10 250 256.587 0.974 46
4 0.8 48 10 250 132.603 1.885 90
3 0.8 48 10 250 97.893 2.554 122
2 0.8 48 10 250 87.138 2.869 137
1 0.8 48 10 250 83.659 2.988 143
1 0.8 48 10 250 83.659 2.988 143
-------------------
3,100,36,1,20
---------------
ti_type= 3
koef= 0.86
limit= 17
19 0.86 36 20 100 1047164.548 0.0 0
18 0.86 36 20 100 150423.881 0.001 0
17 0.86 36 20 100 28382.043 0.004 0
16 0.86 36 20 100 6790.878 0.015 0
15 0.86 36 20 100 2010.496 0.05 1
14 0.86 36 20 100 729.172 0.137 4
13 0.86 36 20 100 325.757 0.307 11
12 0.86 36 20 100 180.907 0.553 19
11 0.86 36 20 100 123.38 0.811 29
10 0.86 36 20 100 98.874 1.011 36
9 0.86 36 20 100 87.972 1.137 40
8 0.86 36 20 100 83.004 1.205 43
7 0.86 36 20 100 80.712 1.239 44
6 0.86 36 20 100 79.648 1.256 45
5 0.86 36 20 100 79.153 1.263 45
4 0.86 36 20 100 78.922 1.267 45
3 0.86 36 20 100 78.815 1.269 45
2 0.86 36 20 100 78.764 1.27 45
1 0.86 36 20 100 78.741 1.27 45
1 0.86 36 20 100 78.741 1.27 45
-------------------
2,30,24,1,30
---------------
ti_type= 2
koef= 0.88
limit= 25
29 0.88 24 30 30 1445463.771 0.0 0
28 0.88 24 30 30 263539.609 0.0 0
27 0.88 24 30 30 58955.079 0.001 0
26 0.88 24 30 30 15802.244 0.002 0
25 0.88 24 30 30 4977.048 0.006 0
24 0.88 24 30 30 1815.988 0.017 0
23 0.88 24 30 30 761.937 0.039 0
22 0.88 24 30 30 367.628 0.082 1
21 0.88 24 30 30 204.951 0.146 3
20 0.88 24 30 30 132.206 0.227 5
19 0.88 24 30 30 97.57 0.307 7
18 0.88 24 30 30 80.312 0.374 8
17 0.88 24 30 30 71.447 0.42 10
16 0.88 24 30 30 66.806 0.449 10
15 0.88 24 30 30 64.349 0.466 11
14 0.88 24 30 30 63.041 0.476 11
13 0.88 24 30 30 62.341 0.481 11
12 0.88 24 30 30 61.967 0.484 11
11 0.88 24 30 30 61.766 0.486 11
10 0.88 24 30 30 61.658 0.487 11
9 0.88 24 30 30 61.6 0.487 11
8 0.88 24 30 30 61.569 0.487 11
7 0.88 24 30 30 61.553 0.487 11
6 0.88 24 30 30 61.544 0.487 11
5 0.88 24 30 30 61.539 0.487 11
4 0.88 24 30 30 61.536 0.488 11
3 0.88 24 30 30 61.535 0.488 11
2 0.88 24 30 30 61.534 0.488 11
1 0.88 24 30 30 61.534 0.488 11
1 0.88 24 30 30 61.534 0.488 11
-------------------
1,10,12,1,40
---------------
ti_type= 1
koef= 0.9
limit= 34
39 0.9 12 40 10 1995274.315 0.0 0
38 0.9 12 40 10 467749.673 0.0 0
37 0.9 12 40 10 126780.731 0.0 0
36 0.9 12 40 10 39163.457 0.0 0
35 0.9 12 40 10 13613.691 0.001 0
34 0.9 12 40 10 5267.068 0.002 0
33 0.9 12 40 10 2247.692 0.004 0
32 0.9 12 40 10 1050.875 0.01 0
31 0.9 12 40 10 536.078 0.019 0
30 0.9 12 40 10 297.96 0.034 0
29 0.9 12 40 10 180.555 0.055 0
28 0.9 12 40 10 119.386 0.084 1
27 0.9 12 40 10 86.005 0.116 1
26 0.9 12 40 10 67.09 0.149 1
25 0.9 12 40 10 56.054 0.178 2
24 0.9 12 40 10 49.476 0.202 2
23 0.9 12 40 10 45.493 0.22 2
22 0.9 12 40 10 43.056 0.232 2
21 0.9 12 40 10 41.555 0.241 2
20 0.9 12 40 10 40.626 0.246 2
19 0.9 12 40 10 40.049 0.25 3
18 0.9 12 40 10 39.691 0.252 3
17 0.9 12 40 10 39.468 0.253 3
16 0.9 12 40 10 39.329 0.254 3
15 0.9 12 40 10 39.242 0.255 3
14 0.9 12 40 10 39.188 0.255 3
13 0.9 12 40 10 39.154 0.255 3
12 0.9 12 40 10 39.133 0.256 3
11 0.9 12 40 10 39.12 0.256 3
10 0.9 12 40 10 39.112 0.256 3
9 0.9 12 40 10 39.107 0.256 3
8 0.9 12 40 10 39.104 0.256 3
7 0.9 12 40 10 39.102 0.256 3
6 0.9 12 40 10 39.1 0.256 3
5 0.9 12 40 10 39.1 0.256 3
4 0.9 12 40 10 39.099 0.256 3
3 0.9 12 40 10 39.099 0.256 3
2 0.9 12 40 10 39.099 0.256 3
1 0.9 12 40 10 39.099 0.256 3
1 0.9 12 40 10 39.099 0.256 3
         ---------------
Start    : 14:25:53.86
Finish   : 14:25:55.25
         ---------------
Duration : 00:00:01,39 
