         ---------------
Start    : 16:51:34.34 x_call_CSD_gen_DB.bat
         ---------------
"CURRENT_BASELINE    CSD_0.3_009"
"RELEASE_BRANCH_N    0.3"
"CURRENT_BASELINE_N  009"
"CURRENT_BASELINE_NO 0.3_009"
"RELEASE_BRANCH      cds_0.3"
"CLONE_PATH=C:\Git\ws01"
"WORK_PATH=C:\Git\ws01\work"
"Output_Log=C:\Git\ws01\work\cds_0.3\logs\CSD_0.3_009"
"Output_Log_Txt=C:\Git\ws01\work\cds_0.3\logs\CSD_0.3_009\run_CSD_xls2csv_CSD_0.3_009.txt"
"Tbl_N=09"
"CONF_GEN_DB=C:\Git\ws01\cds\tools\gen_db\gen_db_0.json
 "c:\Python27\python.exe C:\Git\ws01\cds\tools\gen_db\cdb_plan.py C:\Git\ws01\cds\tools\gen_db\gen_db_0.json >C:\Git\ws01\work\cds_0.3\logs\CSD_0.3_009\cdb_gen_db.txt"
CONF_GEN_DB         :  c:\Git\ws01\cds\tools\gen_db\gen_db_0.json
Input_DB = c:\Git\ws01\cds\DB\009\db_0.3_009.db
1,1001,1,1,1,2,5,1,Bat_Galim,Alex,Bat_Galim_2,3000,3000,130,Alex_Clip_1,700,3000,130,3000,100,130,70,1,10,10,860,731,129
1,1001,1,1,1,2,5,2,Bat_Galim,Alex,Bat_Galim_2,3000,3000,130,Alex_Clip_1,700,3000,130,3000,100,130,70,2,20,40,220,187,33
1,1001,1,1,1,2,5,3,Bat_Galim,Alex,Bat_Galim_2,3000,3000,130,Alex_Clip_1,700,3000,130,3000,100,130,70,3,30,140,60,51,9
1,1001,1,1,1,2,5,4,Bat_Galim,Alex,Bat_Galim_2,3000,3000,130,Alex_Clip_1,700,3000,130,3000,100,130,70,4,40,580,10,8,2
-------------------
4,580,40,1,9
---------------
ti_type= 4
koef= 0.99
limit= 7
8 0.99 40 9 580 8511380.382 0.0 0
7 0.99 40 9 580 7256045.544 0.0 0
6 0.99 40 9 580 6195737.366 0.0 0
5 0.99 40 9 580 5298733.412 0.0 0
4 0.99 40 9 580 4538688.208 0.0 0
3 0.99 40 9 580 3893687.078 0.0 0
2 0.99 40 9 580 3345472.277 0.0 0
1 0.99 40 9 580 2878809.061 0.0 0
1 0.99 40 9 580 2878809.061 0.0 0
-------------------
3,140,30,1,59
---------------
ti_type= 3
koef= 0.97
limit= 50
58 0.97 30 59 140 6165950.019 0.0 0
57 0.97 30 59 140 3857447.287 0.0 0
56 0.97 30 59 140 2447434.062 0.0 0
55 0.97 30 59 140 1574162.89 0.0 0
54 0.97 30 59 140 1025978.311 0.0 0
53 0.97 30 59 140 677335.806 0.0 0
52 0.97 30 59 140 452772.367 0.0 0
51 0.97 30 59 140 306339.865 0.0 0
50 0.97 30 59 140 209709.165 0.001 0
49 0.97 30 59 140 145200.76 0.001 0
48 0.97 30 59 140 101650.571 0.001 0
47 0.97 30 59 140 71927.759 0.002 0
46 0.97 30 59 140 51426.815 0.003 0
45 0.97 30 59 140 37141.03 0.004 0
44 0.97 30 59 140 27086.839 0.005 0
43 0.97 30 59 140 19942.315 0.007 0
42 0.97 30 59 140 14817.751 0.009 0
41 0.97 30 59 140 11108.587 0.013 0
40 0.97 30 59 140 8400.189 0.017 0
39 0.97 30 59 140 6405.609 0.022 0
38 0.97 30 59 140 4924.516 0.028 0
37 0.97 30 59 140 3815.862 0.037 1
36 0.97 30 59 140 2979.51 0.047 1
35 0.97 30 59 140 2343.8 0.06 1
34 0.97 30 59 140 1857.047 0.075 2
33 0.97 30 59 140 1481.693 0.094 2
32 0.97 30 59 140 1190.243 0.118 3
31 0.97 30 59 140 962.424 0.145 4
30 0.97 30 59 140 783.187 0.179 5
29 0.97 30 59 140 641.283 0.218 6
28 0.97 30 59 140 528.248 0.265 7
27 0.97 30 59 140 437.676 0.32 9
26 0.97 30 59 140 364.685 0.384 11
25 0.97 30 59 140 305.535 0.458 13
24 0.97 30 59 140 257.341 0.544 16
23 0.97 30 59 140 217.868 0.643 19
22 0.97 30 59 140 185.374 0.755 22
21 0.97 30 59 140 158.492 0.883 26
20 0.97 30 59 140 136.146 1.028 30
19 0.97 30 59 140 117.486 1.192 35
18 0.97 30 59 140 101.833 1.375 41
17 0.97 30 59 140 88.644 1.579 47
16 0.97 30 59 140 77.485 1.807 54
15 0.97 30 59 140 68.005 2.059 61
14 0.97 30 59 140 59.919 2.336 70
13 0.97 30 59 140 52.996 2.642 79
12 0.97 30 59 140 47.045 2.976 89
11 0.97 30 59 140 41.912 3.34 100
10 0.97 30 59 140 37.469 3.736 112
9 0.97 30 59 140 33.609 4.166 124
8 0.97 30 59 140 30.246 4.629 138
7 0.97 30 59 140 27.305 5.127 153
6 0.97 30 59 140 24.726 5.662 169
5 0.97 30 59 140 22.458 6.234 187
4 0.97 30 59 140 20.456 6.844 205
3 0.97 30 59 140 18.685 7.493 224
2 0.97 30 59 140 17.114 8.18 245
1 0.97 30 59 140 15.716 8.908 267
1 0.97 30 59 140 15.716 8.908 267
-------------------
2,40,20,1,219
---------------
ti_type= 2
koef= 0.95
limit= 186
213 0.95 20 219 40 139843.806 0.0 0
207 0.95 20 219 40 6060.67 0.007 0
201 0.95 20 219 40 603.254 0.066 1
195 0.95 20 219 40 110.643 0.362 7
189 0.95 20 219 40 31.803 1.258 25
183 0.95 20 219 40 12.719 3.145 62
177 0.95 20 219 40 6.484 6.169 123
171 0.95 20 219 40 3.952 10.122 202
165 0.95 20 219 40 2.746 14.566 291
159 0.95 20 219 40 2.101 19.036 380
153 0.95 20 219 40 1.726 23.174 463
147 0.95 20 219 40 1.494 26.779 535
141 0.95 20 219 40 1.343 29.783 595
135 0.95 20 219 40 1.242 32.203 644
129 0.95 20 219 40 1.173 34.107 682
123 0.95 20 219 40 1.124 35.578 711
117 0.95 20 219 40 1.09 36.699 733
111 0.95 20 219 40 1.065 37.546 750
105 0.95 20 219 40 1.048 38.181 763
99 0.95 20 219 40 1.035 38.655 773
93 0.95 20 219 40 1.025 39.007 780
87 0.95 20 219 40 1.019 39.267 785
81 0.95 20 219 40 1.014 39.46 789
75 0.95 20 219 40 1.01 39.602 792
69 0.95 20 219 40 1.007 39.707 794
63 0.95 20 219 40 1.005 39.785 795
57 0.95 20 219 40 1.004 39.842 796
51 0.95 20 219 40 1.003 39.884 797
45 0.95 20 219 40 1.002 39.914 798
39 0.95 20 219 40 1.002 39.937 798
33 0.95 20 219 40 1.001 39.954 799
27 0.95 20 219 40 1.001 39.966 799
21 0.95 20 219 40 1.001 39.975 799
15 0.95 20 219 40 1.0 39.982 799
9 0.95 20 219 40 1.0 39.986 799
3 0.95 20 219 40 1.0 39.99 799
1 0.95 20 219 40 1.0 39.991 799
-------------------
1,10,10,1,859
---------------
ti_type= 1
koef= 0.9
limit= 730
853 0.9 10 859 10 5249.126 0.002 0
847 0.9 10 859 10 94.843 0.105 1
841 0.9 10 859 10 11.237 0.89 8
835 0.9 10 859 10 3.617 2.765 27
829 0.9 10 859 10 1.98 5.05 50
823 0.9 10 859 10 1.438 6.955 69
817 0.9 10 859 10 1.213 8.245 82
811 0.9 10 859 10 1.108 9.025 90
805 0.9 10 859 10 1.056 9.47 94
799 0.9 10 859 10 1.029 9.715 97
793 0.9 10 859 10 1.016 9.847 98
787 0.9 10 859 10 1.008 9.919 99
781 0.9 10 859 10 1.004 9.957 99
775 0.9 10 859 10 1.002 9.977 99
769 0.9 10 859 10 1.001 9.988 99
763 0.9 10 859 10 1.001 9.993 99
757 0.9 10 859 10 1.0 9.997 99
751 0.9 10 859 10 1.0 9.998 99
745 0.9 10 859 10 1.0 9.999 99
739 0.9 10 859 10 1.0 9.999 99
733 0.9 10 859 10 1.0 10.0 100
727 0.9 10 859 10 1.0 10.0 100
721 0.9 10 859 10 1.0 10.0 100
715 0.9 10 859 10 1.0 10.0 100
709 0.9 10 859 10 1.0 10.0 100
703 0.9 10 859 10 1.0 10.0 100
697 0.9 10 859 10 1.0 10.0 100
691 0.9 10 859 10 1.0 10.0 100
685 0.9 10 859 10 1.0 10.0 100
679 0.9 10 859 10 1.0 10.0 100
673 0.9 10 859 10 1.0 10.0 100
667 0.9 10 859 10 1.0 10.0 100
661 0.9 10 859 10 1.0 10.0 100
655 0.9 10 859 10 1.0 10.0 100
649 0.9 10 859 10 1.0 10.0 100
643 0.9 10 859 10 1.0 10.0 100
637 0.9 10 859 10 1.0 10.0 100
631 0.9 10 859 10 1.0 10.0 100
625 0.9 10 859 10 1.0 10.0 100
619 0.9 10 859 10 1.0 10.0 100
613 0.9 10 859 10 1.0 10.0 100
607 0.9 10 859 10 1.0 10.0 100
601 0.9 10 859 10 1.0 10.0 100
595 0.9 10 859 10 1.0 10.0 100
589 0.9 10 859 10 1.0 10.0 100
583 0.9 10 859 10 1.0 10.0 100
577 0.9 10 859 10 1.0 10.0 100
571 0.9 10 859 10 1.0 10.0 100
565 0.9 10 859 10 1.0 10.0 100
559 0.9 10 859 10 1.0 10.0 100
553 0.9 10 859 10 1.0 10.0 100
547 0.9 10 859 10 1.0 10.0 100
541 0.9 10 859 10 1.0 10.0 100
535 0.9 10 859 10 1.0 10.0 100
529 0.9 10 859 10 1.0 10.0 100
523 0.9 10 859 10 1.0 10.0 100
517 0.9 10 859 10 1.0 10.0 100
511 0.9 10 859 10 1.0 10.0 100
505 0.9 10 859 10 1.0 10.0 100
499 0.9 10 859 10 1.0 10.0 100
493 0.9 10 859 10 1.0 10.0 100
487 0.9 10 859 10 1.0 10.0 100
481 0.9 10 859 10 1.0 10.0 100
475 0.9 10 859 10 1.0 10.0 100
469 0.9 10 859 10 1.0 10.0 100
463 0.9 10 859 10 1.0 10.0 100
457 0.9 10 859 10 1.0 10.0 100
451 0.9 10 859 10 1.0 10.0 100
445 0.9 10 859 10 1.0 10.0 100
439 0.9 10 859 10 1.0 10.0 100
433 0.9 10 859 10 1.0 10.0 100
427 0.9 10 859 10 1.0 10.0 100
421 0.9 10 859 10 1.0 10.0 100
415 0.9 10 859 10 1.0 10.0 100
409 0.9 10 859 10 1.0 10.0 100
403 0.9 10 859 10 1.0 10.0 100
397 0.9 10 859 10 1.0 10.0 100
391 0.9 10 859 10 1.0 10.0 100
385 0.9 10 859 10 1.0 10.0 100
379 0.9 10 859 10 1.0 10.0 100
373 0.9 10 859 10 1.0 10.0 100
367 0.9 10 859 10 1.0 10.0 100
361 0.9 10 859 10 1.0 10.0 100
355 0.9 10 859 10 1.0 10.0 100
349 0.9 10 859 10 1.0 10.0 100
343 0.9 10 859 10 1.0 10.0 100
337 0.9 10 859 10 1.0 10.0 100
331 0.9 10 859 10 1.0 10.0 100
325 0.9 10 859 10 1.0 10.0 100
319 0.9 10 859 10 1.0 10.0 100
313 0.9 10 859 10 1.0 10.0 100
307 0.9 10 859 10 1.0 10.0 100
301 0.9 10 859 10 1.0 10.0 100
295 0.9 10 859 10 1.0 10.0 100
289 0.9 10 859 10 1.0 10.0 100
283 0.9 10 859 10 1.0 10.0 100
277 0.9 10 859 10 1.0 10.0 100
271 0.9 10 859 10 1.0 10.0 100
265 0.9 10 859 10 1.0 10.0 100
259 0.9 10 859 10 1.0 10.0 100
253 0.9 10 859 10 1.0 10.0 100
247 0.9 10 859 10 1.0 10.0 100
241 0.9 10 859 10 1.0 10.0 100
235 0.9 10 859 10 1.0 10.0 100
229 0.9 10 859 10 1.0 10.0 100
223 0.9 10 859 10 1.0 10.0 100
217 0.9 10 859 10 1.0 10.0 100
211 0.9 10 859 10 1.0 10.0 100
205 0.9 10 859 10 1.0 10.0 100
199 0.9 10 859 10 1.0 10.0 100
193 0.9 10 859 10 1.0 10.0 100
187 0.9 10 859 10 1.0 10.0 100
181 0.9 10 859 10 1.0 10.0 100
175 0.9 10 859 10 1.0 10.0 100
169 0.9 10 859 10 1.0 10.0 100
163 0.9 10 859 10 1.0 10.0 100
157 0.9 10 859 10 1.0 10.0 100
151 0.9 10 859 10 1.0 10.0 100
145 0.9 10 859 10 1.0 10.0 100
139 0.9 10 859 10 1.0 10.0 100
133 0.9 10 859 10 1.0 10.0 100
127 0.9 10 859 10 1.0 10.0 100
121 0.9 10 859 10 1.0 10.0 100
115 0.9 10 859 10 1.0 10.0 100
109 0.9 10 859 10 1.0 10.0 100
103 0.9 10 859 10 1.0 10.0 100
97 0.9 10 859 10 1.0 10.0 100
91 0.9 10 859 10 1.0 10.0 100
85 0.9 10 859 10 1.0 10.0 100
79 0.9 10 859 10 1.0 10.0 100
73 0.9 10 859 10 1.0 10.0 100
67 0.9 10 859 10 1.0 10.0 100
61 0.9 10 859 10 1.0 10.0 100
55 0.9 10 859 10 1.0 10.0 100
49 0.9 10 859 10 1.0 10.0 100
43 0.9 10 859 10 1.0 10.0 100
37 0.9 10 859 10 1.0 10.0 100
31 0.9 10 859 10 1.0 10.0 100
25 0.9 10 859 10 1.0 10.0 100
19 0.9 10 859 10 1.0 10.0 100
13 0.9 10 859 10 1.0 10.0 100
7 0.9 10 859 10 1.0 10.0 100
1 0.9 10 859 10 1.0 10.0 100
1 0.9 10 859 10 1.0 10.0 100
         ---------------
Start    : 16:51:34.34
Finish   : 16:51:34.81
         ---------------
Duration : 00:00:00,47 
